name: webscraper
channels:
  - conda-forge
  - defaults
dependencies:
  - asttokens=2.4.1=pyhd8ed1ab_0
  - bzip2=1.0.8=h2bbff1b_5
  - ca-certificates=2024.2.2=h56e8100_0
  - colorama=0.4.6=pyhd8ed1ab_0
  - comm=0.2.1=pyhd8ed1ab_0
  - debugpy=1.8.1=py311h12c1d0e_0
  - decorator=5.1.1=pyhd8ed1ab_0
  - exceptiongroup=1.2.0=pyhd8ed1ab_2
  - executing=2.0.1=pyhd8ed1ab_0
  - importlib-metadata=7.0.1=pyha770c72_0
  - importlib_metadata=7.0.1=hd8ed1ab_0
  - ipykernel=6.29.3=pyha63f2e9_0
  - ipython=8.22.2=pyh7428d3b_0
  - jedi=0.19.1=pyhd8ed1ab_0
  - jupyter_client=8.6.0=pyhd8ed1ab_0
  - jupyter_core=5.7.1=py311h1ea47a8_0
  - libffi=3.4.4=hd77b12b_0
  - libsodium=1.0.18=h8d14728_1
  - matplotlib-inline=0.1.6=pyhd8ed1ab_0
  - nest-asyncio=1.6.0=pyhd8ed1ab_0
  - openssl=3.2.1=hcfcfb64_0
  - packaging=23.2=pyhd8ed1ab_0
  - parso=0.8.3=pyhd8ed1ab_0
  - pickleshare=0.7.5=py_1003
  - pip=23.3.1=py311haa95532_0
  - platformdirs=4.2.0=pyhd8ed1ab_0
  - prompt-toolkit=3.0.42=pyha770c72_0
  - psutil=5.9.8=py311ha68e1ae_0
  - pure_eval=0.2.2=pyhd8ed1ab_0
  - pygments=2.17.2=pyhd8ed1ab_0
  - python=3.11.8=he1021f5_0
  - python-dateutil=2.9.0=pyhd8ed1ab_0
  - python_abi=3.11=2_cp311
  - pywin32=306=py311h12c1d0e_2
  - pyzmq=25.1.2=py311h9250fbb_0
  - setuptools=68.2.2=py311haa95532_0
  - six=1.16.0=pyh6c4a22f_0
  - sqlite=3.41.2=h2bbff1b_0
  - stack_data=0.6.2=pyhd8ed1ab_0
  - tk=8.6.12=h2bbff1b_0
  - tornado=6.4=py311ha68e1ae_0
  - traitlets=5.14.1=pyhd8ed1ab_0
  - typing_extensions=4.10.0=pyha770c72_0
  - ucrt=10.0.22621.0=h57928b3_0
  - vc=14.2=h21ff451_1
  - vc14_runtime=14.38.33130=h82b7239_18
  - vs2015_runtime=14.38.33130=hcb4865c_18
  - wcwidth=0.2.13=pyhd8ed1ab_0
  - wheel=0.41.2=py311haa95532_0
  - xz=5.4.6=h8cc25b3_0
  - zeromq=4.3.5=h63175ca_1
  - zipp=3.17.0=pyhd8ed1ab_0
  - zlib=1.2.13=h8cc25b3_0
  - pip:
      - annotated-types==0.6.0
      - attrs==23.2.0
      - beautifulsoup4==4.12.3
      - cachetools==5.3.3
      - certifi==2024.2.2
      - cffi==1.16.0
      - charset-normalizer==3.3.2
      - et-xmlfile==1.1.0
      - fake-useragent==1.4.0
      - google-ai-generativelanguage==0.4.0
      - google-api-core==2.17.1
      - google-auth==2.28.1
      - google-generativeai==0.4.0
      - googleapis-common-protos==1.62.0
      - grpcio==1.62.0
      - grpcio-status==1.62.0
      - h11==0.14.0
      - idna==3.6
      - numpy==1.26.4
      - openpyxl==3.1.2
      - outcome==1.3.0.post0
      - pandas==2.2.1
      - proto-plus==1.23.0
      - protobuf==4.25.3
      - pyasn1==0.5.1
      - pyasn1-modules==0.3.0
      - pycparser==2.21
      - pydantic==2.6.3
      - pydantic-core==2.16.3
      - pysocks==1.7.1
      - pytz==2024.1
      - requests==2.31.0
      - rsa==4.9
      - selenium==4.18.1
      - sniffio==1.3.1
      - sortedcontainers==2.4.0
      - soupsieve==2.5
      - tqdm==4.66.2
      - trio==0.24.0
      - trio-websocket==0.11.1
      - tzdata==2024.1
      - urllib3==2.2.1
      - uuid==1.30
      - wsproto==1.2.0
